Foret_boreale
12
18
0 vegetation 397 617 1000 10000 1000 1
1 orignal 3 617 20 50 0 0.5
2 castor 670 297 16 50 0 0.5
3 oiseau 775 617 100 150 0 0.5
4 Renard 270 289 0 33 0 0.5
5 rongeurs 499 259 7 55 0 0.5
6 Lapin_xx3xx 57 278 45 150 0 0.5
7 insectes 770 425 2428 10000 250 1
8 chauve-souris 764 25 29 50 0 0.5
9 Hibou 3 16 9 50 0 0.5
10 Loup 583 3 5 25 0 0.5
11 Ours 3 405 2 5 0 0.5
0 1 2 10
0 11 2 10
0 3 2 10
0 2 2 10
0 5 2 10
0 6 2 10
0 7 0.5 10
1 11 0.25 10
2 10 0.25 10
4 10 0.1 10
5 4 0.5 10
5 9 1 10
6 4 0.5 10
6 10 0.5 10
6 9 0.5 10
7 8 10 10
7 8 10 10
5 10 0 10
