Foret_boreale
12
17
0 vegetation 356 613 1000 10000
1 orignal 16 551 50 1000
2 castor 44 187 60 1000
3 oiseau 394 283 100 10000
4 Renard 246 152 30 1000
5 rongeurs 240 312 75 10000
6 Lapin_xx3xx 491 437 40 10000
7 insectes 691 449 150 10000
8 chauve-souris 749 273 40 10000
9 Hibou 743 51 30 1000
10 Loup 445 36 12 1000
11 Ours 76 28 3 1000
0 1 10 10
0 11 10 10
0 3 10 10
0 2 10 10
0 5 10 10
0 6 10 10
0 7 10 10
1 11 2 10
2 10 2 10
3 9 2 10
4 10 2 10
5 4 2 10
5 9 2 10
6 4 2 10
6 10 2 10
6 9 2 10
7 8 2 10
