Foret_boreale
12
17
0 vegetation 356 613 1000 10000 1000 1
1 orignal 16 551 20 50 0 0.5
2 castor 579 225 0 50 0 0.5
3 oiseau 743 594 100 150 0 0.5
4 Renard 250 204 0 33 0 0.5
5 rongeurs 407 196 0 55 0 0.5
6 Lapin_xx3xx 41 221 45 150 0 0.5
7 insectes 760 359 250 10000 250 1
8 chauve-souris 760 34 0 50 0 0.5
9 Hibou 24 17 0 50 0 0.5
10 Loup 431 9 0 25 0 0.5
11 Ours 20 369 2 5 0 0.5
0 1 2 10
0 11 2 10
0 3 2 10
0 2 2 10
0 5 2 10
0 6 2 10
0 7 0.5 10
1 11 0.25 10
2 10 0.25 10
4 10 0.1 10
5 4 0.5 10
5 9 1 10
6 4 0.5 10
6 10 0.5 10
6 9 0.5 10
7 8 10 10
7 8 10 10
