Foret_boreale
12
17
0 vegetation 356 613 1000 10000 1000 1
1 orignal 16 551 20 50 0 0.5
2 castor 44 187 15 50 0 0.5
3 oiseau 394 283 100 150 0 0.5
4 Renard 246 152 7 33 0 0.5
5 rongeurs 240 312 50 55 0 0.5
6 Lapin_xx3xx 491 437 45 150 0 0.5
7 insectes 691 449 250 10000 250 1
8 chauve-souris 749 273 20 50 0 0.5
9 Hibou 743 51 20 50 0 0.5
10 Loup 445 36 10 25 0 0.5
11 Ours 76 28 2 5 0 0.5
0 1 2 10
0 11 2 10
0 3 2 10
0 2 2 10
0 5 2 10
0 6 2 10
0 7 0.5 10
1 11 0.25 10
2 10 0.25 10
4 10 0.1 10
5 4 0.5 10
5 9 1 10
6 4 0.5 10
6 10 0.5 10
6 9 0.5 10
7 8 20 10
